---
startPose:
  x: -35.0
  y: 63.0
  heading: 4.71238898038469
startTangent: 0.0
waypoints:
- position:
    x: -20.0
    y: 60.0
  heading: 4.71238898038469
  tangent: 5.759586531581287
  interpolationType: "LINEAR"
- position:
    x: -12.8
    y: 23.0
  heading: 0.0
  tangent: 4.71238898038469
  interpolationType: "SPLINE"
resolution: 0.25
version: 1
